325
326
327
328
329
32
330
331
332
333
334
335
336
337
338
339
33
340
341
342
343
344
345
346
347
348
349
34
350
351
352
353
354
355
356
357
358
359
35
360
361
362
363
364
365
366
367
368
369
36
370
371
372
373
374
375
376
377
378
379
37
380
381
382
383
384
385
386
387
388
389
38
390
391
392
393
394
395
396
397
398
399
39
3
400
401
402
403
404
405
406
407
408
409
40
410
411
412
413
414
415
416
417
418
419
41
420
421
422
423
424
425
426
427
428
429
42
430
431
432
433
434
435
436
437
438
439
43
440
441
442
443
444
445
446
447
448
449
44
450
451
452
453
454
455
456
457
458
459
45
460
461
462
463
464
465
466
467
468
469
46
470
471
472
473
474
475
476
477
478
479
47
480
481
482
483
484
485
486
487
488
489
48
490
491
492
493
494
495
496
497
498
499
49
4
500
501
502
503
504
505
506
507
508
509
50
510
511
512
513
514
515
516
517
518
519
51
520
521
522
523
524
525
526
527
528
529
52
530
531
532
533
534
535
536
537
538
539
53
540
541
542
543
544
545
546
547
548
549
54
