484
4850
4851
4852
4853
4854
4855
4856
4857
4858
4859
485
4860
4861
4862
4863
4864
4865
4866
4867
4868
4869
486
4870
4871
4872
4873
4874
4875
4876
4877
4878
4879
487
4880
4881
4882
4883
4884
4885
4886
4887
4888
4889
488
4890
4891
4892
4893
4894
4895
4896
4897
4898
4899
489
48
4900
4901
4902
4903
4904
4905
4906
4907
4908
4909
490
4910
4911
4912
4913
4914
4915
4916
4917
4918
4919
491
4920
4921
4922
4923
4924
4925
4926
4927
4928
4929
492
4930
4931
4932
4933
4934
4935
4936
4937
4938
4939
493
4940
4941
4942
4943
4944
4945
4946
4947
4948
4949
494
4950
4951
4952
4953
4954
4955
4956
4957
4958
4959
495
4960
4961
4962
4963
4964
4965
4966
4967
4968
4969
496
4970
4971
4972
4973
4974
4975
4976
4977
4978
4979
497
4980
4981
4982
4983
4984
4985
4986
4987
4988
4989
498
4990
4991
4992
4993
4994
4995
4996
4997
4998
4999
499
49
4
5000
500
501
502
503
504
505
506
507
508
509
50
510
511
512
513
514
515
516
517
518
519
51
520
521
522
523
524
525
526
527
528
529
52
530
531
532
533
534
535
536
537
538
539
53
540
541
542
543
544
545
546
547
548
549
54
550
551
552
553
554
555
556
557
558
559
55
560
561
562
563
564
565
566
567
568
569
56
570
571
572
573
574
575
576
577
578
579
57
580
581
582
583
584
585
586
587
588
589
58
590
591
592
593
594
595
596
597
598
599
59
5
600
601
602
603
604
605
606
607
608
609
60
610
611
612
613
614
615
616
617
618
619
61
620
621
622
623
624
625
626
627
628
629
62
630
631
632
633
634
635
636
637
638
639
63
640
641
642
643
644
645
646
647
648
649
64
650
651
652
653
654
655
656
657
658
659
65
660
661
662
663
664
665
666
667
668
669
66
670
671
672
673
674
675
676
677
678
679
67
680
681
682
683
684
685
686
687
688
689
68
690
691
692
693
694
695
696
697
698
699
69
6
700
701
702
703
704
705
706
707
708
709
70
710
711
712
713
714
715
716
717
718
719
71
720
721
722
723
724
725
726
727
728
729
72
730
731
732
733
734
735
736
737
738
739
73
740
741
742
743
744
745
746
747
748
749
74
750
751
752
753
754
755
756
757
758
759
75
760
761
762
763
764
765
766
767
768
769
76
770
771
772
773
774
775
776
777
778
779
77
780
781
782
783
784
785
786
787
788
789
78
790
791
792
793
794
795
796
797
798
799
79
7
800
801
802
803
804
805
806
807
808
809
80
810
811
812
813
814
815
816
817
818
819
81
820
821
822
823
824
825
826
827
828
829
82
830
831
832
833
834
835
836
837
838
839
83
840
841
842
843
844
845
846
847
848
849
84
850
851
852
853
854
855
856
857
858
859
85
860
861
862
863
864
865
866
867
868
869
86
870
871
872
873
874
875
876
877
878
879
87
880
881
882
883
884
885
886
887
888
889
88
890
891
892
893
894
895
896
897
898
899
89
8
900
901
902
903
904
905
906
907
908
909
90
910
911
912
913
914
915
916
917
918
919
91
920
921
922
923
924
925
926
927
928
929
92
930
931
932
933
934
935
936
937
938
939
93
940
941
942
943
944
945
946
947
948
949
94
950
951
952
953
954
955
956
957
958
959
95
960
961
962
963
964
965
966
967
968
969
96
970
971
972
973
974
975
976
977
978
979
97
980
981
982
983
984
985
986
987
988
989
98
990
991
992
993
994
995
996
997
998
999
99
9
