2650
2651
2652
2653
2654
2655
2656
2657
2658
2659
265
2660
2661
2662
2663
2664
2665
2666
2667
2668
2669
266
2670
2671
2672
2673
2674
2675
2676
2677
2678
2679
267
2680
2681
2682
2683
2684
2685
2686
2687
2688
2689
268
2690
2691
2692
2693
2694
2695
2696
2697
2698
2699
269
26
2700
2701
2702
2703
2704
2705
2706
2707
2708
2709
270
2710
2711
2712
2713
2714
2715
2716
2717
2718
2719
271
2720
2721
2722
2723
2724
2725
2726
2727
2728
2729
272
2730
2731
2732
2733
2734
2735
2736
2737
2738
2739
273
2740
2741
2742
2743
2744
2745
2746
2747
2748
2749
274
2750
2751
2752
2753
2754
2755
2756
2757
2758
2759
275
2760
2761
2762
2763
2764
2765
2766
2767
2768
2769
276
2770
2771
2772
2773
2774
2775
2776
2777
2778
2779
277
2780
2781
2782
2783
2784
2785
2786
2787
2788
2789
278
2790
2791
2792
2793
2794
2795
2796
2797
2798
2799
279
27
2800
2801
2802
2803
2804
2805
2806
2807
2808
2809
280
2810
2811
2812
2813
2814
2815
2816
2817
2818
2819
281
2820
2821
2822
2823
2824
2825
2826
2827
2828
2829
282
2830
2831
2832
2833
2834
2835
2836
2837
2838
2839
283
2840
2841
2842
2843
2844
2845
2846
2847
2848
2849
284
2850
2851
2852
2853
2854
2855
2856
2857
2858
2859
285
2860
2861
2862
2863
2864
2865
2866
2867
2868
2869
286
2870
2871
2872
2873
2874
2875
2876
2877
2878
2879
287
2880
2881
2882
2883
2884
2885
2886
2887
2888
2889
288
2890
2891
2892
2893
2894
2895
2896
2897
2898
2899
289
28
2900
2901
2902
2903
2904
2905
2906
2907
2908
2909
290
2910
2911
2912
2913
2914
2915
2916
2917
2918
2919
291
2920
2921
2922
2923
2924
2925
2926
2927
2928
2929
292
2930
2931
2932
2933
2934
2935
2936
2937
2938
2939
293
2940
2941
2942
2943
2944
2945
2946
2947
2948
2949
294
2950
2951
2952
2953
2954
2955
2956
2957
2958
2959
295
2960
2961
2962
2963
2964
2965
2966
2967
2968
2969
296
2970
2971
2972
2973
2974
2975
2976
2977
2978
2979
297
2980
2981
2982
2983
2984
2985
2986
2987
2988
2989
298
2990
2991
2992
2993
2994
2995
2996
2997
2998
2999
299
29
2
3000
3001
3002
3003
3004
3005
3006
3007
3008
3009
300
3010
3011
3012
3013
3014
3015
3016
3017
3018
3019
301
3020
3021
3022
3023
3024
3025
3026
3027
3028
3029
302
3030
3031
3032
3033
3034
3035
3036
3037
3038
3039
303
3040
3041
3042
3043
3044
3045
3046
3047
3048
3049
304
3050
3051
3052
3053
3054
3055
3056
3057
3058
3059
305
3060
3061
3062
3063
3064
3065
3066
3067
3068
3069
306
3070
3071
3072
3073
3074
3075
3076
3077
3078
3079
307
3080
3081
3082
3083
3084
3085
3086
3087
3088
3089
308
3090
3091
3092
3093
3094
3095
3096
3097
3098
3099
309
30
3100
3101
3102
3103
3104
3105
3106
3107
3108
3109
310
3110
3111
3112
3113
3114
3115
3116
3117
3118
3119
311
3120
3121
3122
3123
3124
3125
3126
3127
3128
3129
312
3130
3131
3132
3133
3134
3135
3136
3137
3138
3139
313
3140
3141
3142
3143
3144
3145
3146
3147
3148
3149
314
3150
3151
3152
3153
3154
3155
3156
3157
3158
3159
315
3160
3161
3162
3163
3164
3165
3166
3167
3168
3169
316
3170
3171
3172
3173
3174
3175
3176
3177
3178
3179
317
3180
3181
3182
3183
3184
3185
3186
3187
3188
3189
318
3190
3191
3192
3193
3194
3195
3196
3197
3198
3199
319
