429
42
4300
4301
4302
4303
4304
4305
4306
4307
4308
4309
430
4310
4311
4312
4313
4314
4315
4316
4317
4318
4319
431
4320
4321
4322
4323
4324
4325
4326
4327
4328
4329
432
4330
4331
4332
4333
4334
4335
4336
4337
4338
4339
433
4340
4341
4342
4343
4344
4345
4346
4347
4348
4349
434
4350
4351
4352
4353
4354
4355
4356
4357
4358
4359
435
4360
4361
4362
4363
4364
4365
4366
4367
4368
4369
436
4370
4371
4372
4373
4374
4375
4376
4377
4378
4379
437
4380
4381
4382
4383
4384
4385
4386
4387
4388
4389
438
4390
4391
4392
4393
4394
4395
4396
4397
4398
4399
439
43
4400
4401
4402
4403
4404
4405
4406
4407
4408
4409
440
4410
4411
4412
4413
4414
4415
4416
4417
4418
4419
441
4420
4421
4422
4423
4424
4425
4426
4427
4428
4429
442
4430
4431
4432
4433
4434
4435
4436
4437
4438
4439
443
4440
4441
4442
4443
4444
4445
4446
4447
4448
4449
444
4450
4451
4452
4453
4454
4455
4456
4457
4458
4459
445
4460
4461
4462
4463
4464
4465
4466
4467
4468
4469
446
4470
4471
4472
4473
4474
4475
4476
4477
4478
4479
447
4480
4481
4482
4483
4484
4485
4486
4487
4488
4489
448
4490
4491
4492
4493
4494
4495
4496
4497
4498
4499
449
44
4500
4501
4502
4503
4504
4505
4506
4507
4508
4509
450
4510
4511
4512
4513
4514
4515
4516
4517
4518
4519
451
4520
4521
4522
4523
4524
4525
4526
4527
4528
4529
452
4530
4531
4532
4533
4534
4535
4536
4537
4538
4539
453
4540
4541
4542
4543
4544
4545
4546
4547
4548
4549
454
4550
4551
4552
4553
4554
4555
4556
4557
4558
4559
455
4560
4561
4562
4563
4564
4565
4566
4567
4568
4569
456
4570
4571
4572
4573
4574
4575
4576
4577
4578
4579
457
4580
4581
4582
4583
4584
4585
4586
4587
4588
4589
458
4590
4591
4592
4593
4594
4595
4596
4597
4598
4599
459
45
4600
4601
4602
4603
4604
4605
4606
4607
4608
4609
460
4610
4611
4612
4613
4614
4615
4616
4617
4618
4619
461
4620
4621
4622
4623
4624
4625
4626
4627
4628
4629
462
4630
4631
4632
4633
4634
4635
4636
4637
4638
4639
463
4640
4641
4642
4643
4644
4645
4646
4647
4648
4649
464
4650
4651
4652
4653
4654
4655
4656
4657
4658
4659
465
4660
4661
4662
4663
4664
4665
4666
4667
4668
4669
466
4670
4671
4672
4673
4674
4675
4676
4677
4678
4679
467
4680
4681
4682
4683
4684
4685
4686
4687
4688
4689
468
4690
4691
4692
4693
4694
4695
4696
4697
4698
4699
469
46
4700
4701
4702
4703
4704
4705
4706
4707
4708
4709
470
4710
4711
4712
4713
4714
4715
4716
4717
4718
4719
471
4720
4721
4722
4723
4724
4725
4726
4727
4728
4729
472
4730
4731
4732
4733
4734
4735
4736
4737
4738
4739
473
4740
4741
4742
4743
4744
4745
4746
4747
4748
4749
474
4750
4751
4752
4753
4754
4755
4756
4757
4758
4759
475
4760
4761
4762
4763
4764
4765
4766
4767
4768
4769
476
4770
4771
4772
4773
4774
4775
4776
4777
4778
4779
477
4780
4781
4782
4783
4784
4785
4786
4787
4788
4789
478
4790
4791
4792
4793
4794
4795
4796
4797
4798
4799
479
47
4800
4801
4802
4803
4804
4805
4806
4807
4808
4809
480
4810
4811
4812
4813
4814
4815
4816
4817
4818
4819
481
4820
4821
4822
4823
4824
4825
4826
4827
4828
4829
482
4830
4831
4832
4833
4834
4835
4836
4837
4838
4839
483
4840
4841
4842
4843
4844
4845
4846
4847
4848
4849
